protein	protein_name	gene_name	GO	EC
P57154	5,10-methylenetetrahydrofolate reductase	metF	GO:0005829,GO:0009086,GO:0035999,GO:0106312,GO:0106313	1.5.1.20
P57324	Methionine aminopeptidase	map	GO:0006508,GO:0046914,GO:0070006,GO:0070084	3.4.11.18
O05385	RNA polymerase sigma factor RpoH	rpoH	GO:0003677,GO:0005737,GO:0006352,GO:0009408,GO:0016987	
P57337	DNA polymerase III subunit epsilon	dnaQ	GO:0003677,GO:0003887,GO:0004527,GO:0006260,GO:0046872	2.7.7.7
P57582	30S ribosomal protein S17	rpsQ	GO:0003735,GO:0005840,GO:0006412,GO:0019843,GO:1990904	
P57223	Putative transport protein BU123		GO:0005886,GO:0016021	
Q89AG5	Uncharacterized HIT-like protein bbp_327		GO:0003824	
P57265	Dihydrofolate synthase/folylpolyglutamate synthase	folC	GO:0004326,GO:0005524,GO:0006730,GO:0008841,GO:0046654,GO:0046656,GO:0046872	6.3.2.12,6.3.2.17
P57221	Tyrosine--tRNA ligase	tyrS	GO:0003723,GO:0004831,GO:0005524,GO:0005737,GO:0006437	6.1.1.1
P57234	Sec translocon accessory complex subunit YajC	yajC	GO:0005886,GO:0015031,GO:0016021	
P57471	50S ribosomal protein L13	rplM	GO:0003735,GO:0005840,GO:0006412,GO:1990904	
P57630	Protein HflC	hflC	GO:0016021,GO:0052547	
P57239	Uncharacterized membrane protein BU139		GO:0005886,GO:0016021	
Q89AB8	Aspartate-semialdehyde dehydrogenase	asd	GO:0004073,GO:0009088,GO:0009089,GO:0009097,GO:0019877,GO:0046983,GO:0050661,GO:0051287,GO:0071266	1.2.1.11
Q89AK2	Transcription-repair-coupling factor	mfd	GO:0003684,GO:0004386,GO:0005524,GO:0005737,GO:0016787	3.6.4.-
P59449	Acyl carrier protein	acpP	GO:0000036,GO:0005737	
Q89A47	Putative heme chaperone HemW-like protein	hemW	GO:0004109,GO:0005737,GO:0006779,GO:0051539	
Q89AE4	Signal recognition particle protein	ffh	GO:0003924,GO:0005525,GO:0006614,GO:0008312,GO:0048500	
Q89AK3	6-phosphogluconolactonase	pgl	GO:0006006,GO:0006098,GO:0017057	3.1.1.31
Q89AV6	Glycine--tRNA ligase alpha subunit	glyQ	GO:0004820,GO:0005524,GO:0005737,GO:0006426	6.1.1.14
P57273	Phosphate acetyltransferase	pta	GO:0005737,GO:0006085,GO:0008959	2.3.1.8
P57397	Phosphoserine aminotransferase	serC	GO:0004648,GO:0005737,GO:0006564,GO:0008615,GO:0030170	2.6.1.52
O66132	Homoserine kinase	thrB	GO:0004413,GO:0005524,GO:0005737,GO:0009088,GO:0016310	2.7.1.39
P57235	Glycine--tRNA ligase beta subunit	glyS	GO:0004814,GO:0004820,GO:0005524,GO:0005737,GO:0006420,GO:0006426	6.1.1.14
P57631	Protein HflK	hflK	GO:0016021	
P59578	Uridylate kinase	pyrH	GO:0005524,GO:0005737,GO:0016310,GO:0033862,GO:0044210	2.7.4.22
P57225	Threonine--tRNA ligase	thrS	GO:0000049,GO:0004829,GO:0005524,GO:0005737,GO:0006435,GO:0046872	6.1.1.3
P57398	Serine--tRNA ligase	serS	GO:0004828,GO:0005524,GO:0005737,GO:0006434,GO:0016260,GO:0097056	6.1.1.11
P57605	Shikimate kinase	aroK	GO:0000287,GO:0004765,GO:0005524,GO:0005737,GO:0008652,GO:0009073,GO:0009423,GO:0016310	2.7.1.71
P57344	Holo-[acyl-carrier-protein] synthase	acpS	GO:0000287,GO:0005737,GO:0006633,GO:0008897	2.7.8.7
P57474	30S ribosomal protein S16	rpsP	GO:0003735,GO:0005737,GO:0005840,GO:0006412,GO:1990904	
P57535	Transcription antitermination protein NusB	nusB	GO:0003723,GO:0006353,GO:0006355,GO:0031564	
P57585	30S ribosomal protein S3	rpsC	GO:0003729,GO:0003735,GO:0005840,GO:0006412,GO:0019843,GO:1990904	
P57633	DNA mismatch repair protein MutL	mutL	GO:0005524,GO:0006298,GO:0016887,GO:0030983,GO:0032300,GO:0140664	
Q89AN2	Xanthine-guanine phosphoribosyltransferase	gpt	GO:0000287,GO:0000310,GO:0004422,GO:0005886,GO:0006166,GO:0032263,GO:0032265,GO:0052657	2.4.2.-,2.4.2.22
P59462	Triosephosphate isomerase	tpiA	GO:0004807,GO:0005737,GO:0006094,GO:0006096	5.3.1.1
Q89AS5	Ribonucleoside-diphosphate reductase subunit beta	nrdB	GO:0004748,GO:0006260,GO:0009263,GO:0046872	1.17.4.1
P57164	DNA primase	dnaG	GO:0000428,GO:0003677,GO:0003896,GO:0008270,GO:1990077	2.7.7.101
P57276	Ribonucleoside-diphosphate reductase subunit alpha	nrdA	GO:0004748,GO:0005524,GO:0006260	1.17.4.1
P57606	Purine nucleoside phosphorylase DeoD-type	deoD	GO:0004731,GO:0005737,GO:0009164,GO:0042278	2.4.2.1
P25749	Co-chaperonin GroES	groES	GO:0005524,GO:0005737,GO:0140662	
P57415	Probable lipid II flippase MurJ	murJ	GO:0005887,GO:0008360,GO:0009252,GO:0015648,GO:0071555	
P57475	Ribosome maturation factor RimM	rimM	GO:0005737,GO:0005840,GO:0006364,GO:0042274,GO:0043022	
P57586	50S ribosomal protein L22	rplV	GO:0003735,GO:0006412,GO:0015934,GO:0019843	
P57634	Mannitol-1-phosphate 5-dehydrogenase	mtlD	GO:0008926,GO:0019594	1.1.1.17
P57278	Uncharacterized protein BU181			
Q89A88	50S ribosomal protein L17	rplQ	GO:0003735,GO:0005840,GO:0006412,GO:1990904	
Q89AL1	Ribosomal large subunit pseudouridine synthase B	rluB	GO:0000455,GO:0003723,GO:0120159	5.4.99.22
P57316	UDP-N-acetylmuramoyl-L-alanyl-D-glutamate--2,6-diaminopimelate ligase	murE	GO:0000287,GO:0005524,GO:0005737,GO:0007049,GO:0008360,GO:0008765,GO:0009252,GO:0051301,GO:0071555	6.3.2.13
P57166	tRNA N6-adenosine threonylcarbamoyltransferase	tsaD	GO:0002949,GO:0005506,GO:0005737,GO:0061711	2.3.1.234
P57230	Phenylalanine--tRNA ligase beta subunit	pheT	GO:0000049,GO:0000287,GO:0004826,GO:0005524,GO:0005737,GO:0006432	6.1.1.20
P57277	DNA gyrase subunit A	gyrA	GO:0003677,GO:0005524,GO:0005694,GO:0005737,GO:0006261,GO:0006265,GO:0034335	5.6.2.2
P57607	Phosphopentomutase	deoB	GO:0000287,GO:0005737,GO:0006015,GO:0008973,GO:0009264,GO:0030145,GO:0043094	5.4.2.7
P57116	ATP-dependent protease ATPase subunit HslU	hslU	GO:0005524,GO:0008233,GO:0009376,GO:0016887,GO:0036402,GO:0043335	
P57238	50S ribosomal protein L25	rplY	GO:0003735,GO:0005840,GO:0006412,GO:0008097,GO:1990904	
P57350	High frequency lysogenization protein HflD homolog	hflD	GO:0005737,GO:0005886	
P57476	tRNA (guanine-N(1)-)-methyltransferase	trmD	GO:0005737,GO:0052906	2.1.1.228
P57538	Uncharacterized transporter BU466		GO:0005886,GO:0016021,GO:0022857	
Q89AR2	Penicillin-binding protein 1B	mrcB	GO:0005886,GO:0006508,GO:0008360,GO:0008658,GO:0008955,GO:0009002,GO:0009252,GO:0009274,GO:0016021,GO:0046677,GO:0071555	2.4.1.129,3.4.16.4
P59466	Tryptophan--tRNA ligase	trpS	GO:0004830,GO:0005524,GO:0005737,GO:0006436	6.1.1.2
Q89AC5	Lysine--tRNA ligase	lysS	GO:0000287,GO:0003676,GO:0004824,GO:0005524,GO:0005737,GO:0006430	6.1.1.6
Q89AS8	Acetate kinase	ackA	GO:0000287,GO:0005524,GO:0005737,GO:0006082,GO:0006085,GO:0008776,GO:0016310	2.7.2.1
P59559	Protease HtpX	htpX	GO:0004222,GO:0005886,GO:0006508,GO:0008270,GO:0016021	3.4.24.-
Q89A53	Single-stranded DNA-binding protein	ssb	GO:0003697,GO:0006260,GO:0006281,GO:0006310	
Q89A90	Cold shock-like protein CspE	cspE	GO:0003677,GO:0005829	
P57279	Alkyl hydroperoxide reductase C		GO:0005737,GO:0102039	1.11.1.26
P57343	tRNA-specific adenosine deaminase	tadA	GO:0002100,GO:0008270,GO:0052717	3.5.4.33
P57611	Replicative DNA helicase	dnaB	GO:0003677,GO:0003678,GO:0005524,GO:0006269,GO:0016887,GO:1990077	3.6.4.12
P57242	Bis(5'-nucleosyl)-tetraphosphatase, symmetrical	apaH	GO:0008803	3.6.1.41
P57477	50S ribosomal protein L19	rplS	GO:0003735,GO:0005829,GO:0005840,GO:0006412,GO:1990904	
Q89AR4	Bifunctional aspartokinase/homoserine dehydrogenase	thrA	GO:0004072,GO:0004412,GO:0005524,GO:0009088,GO:0009089,GO:0016310,GO:0050661	1.1.1.3,2.7.2.4
Q89AZ7	Flagellum-specific ATP synthase	fliI	GO:0005524,GO:0005737,GO:0016887,GO:0030254,GO:0030257,GO:0044781,GO:0046933,GO:0046961	7.1.2.2
Q89A55	Fe/S biogenesis protein NfuA	nfuA	GO:0005506,GO:0016226,GO:0051539,GO:0051604	
Q89AM0	Exoribonuclease 2	rnb	GO:0003723,GO:0005829,GO:0006402,GO:0008859	3.1.13.1
Q89AN0	UPF0125 protein bbp_234			
P57169	CCA-adding enzyme	cca	GO:0000049,GO:0000287,GO:0001680,GO:0005524,GO:0016437,GO:0042245,GO:0052927,GO:0052928,GO:0052929	2.7.7.72
P57345	GTPase Era	era	GO:0003924,GO:0005525,GO:0005737,GO:0005886,GO:0042274,GO:0070181	
P57508	50S ribosomal subunit assembly factor BipA	bipA	GO:0000027,GO:0000049,GO:0003924,GO:0005525,GO:0005737,GO:0019843,GO:0043022	3.6.5.-
P57612	Glutathione synthetase	gshB	GO:0004363,GO:0005524,GO:0046872	6.3.2.3
P57419	Flagellar basal body rod protein FlgB	flgB	GO:0030694,GO:0071973	
P57355	UPF0056 membrane protein BU267		GO:0005886,GO:0016021	
Q89AC7	Phosphatidylglycerol--prolipoprotein diacylglyceryl transferase	lgt	GO:0005887,GO:0008961,GO:0042158	2.5.1.145
Q89B02	DNA ligase	ligA	GO:0003911,GO:0006260,GO:0006281,GO:0046872	6.5.1.2
Q89AG4	tRNA uridine(34) hydroxylase	trhO	GO:0006400,GO:0016705	1.14.-.-
Q89AM2	Membrane-bound lytic murein transglycosylase E	mltE	GO:0016829,GO:0071555	4.2.2.n1
Q89B25	Putative phosphatase bbp_030		GO:0000287,GO:0016791	3.1.3.-
Q89AP2	30S ribosomal protein S2	rpsB	GO:0003735,GO:0006412,GO:0015935	
P57373	Dual-specificity RNA methyltransferase RlmN	rlmN	GO:0000049,GO:0002935,GO:0005737,GO:0019843,GO:0046872,GO:0051539,GO:0070040,GO:0070475	2.1.1.192
P57170	Undecaprenyl-diphosphatase	uppP	GO:0005886,GO:0008360,GO:0009252,GO:0016021,GO:0016311,GO:0046677,GO:0050380,GO:0071555	3.6.1.27
P57346	Ribonuclease 3	rnc	GO:0004525,GO:0005737,GO:0006364,GO:0006397,GO:0008033,GO:0019843,GO:0046872	3.1.26.3
P57616	tRNA (guanine-N(7)-)-methyltransferase	trmB	GO:0008176	2.1.1.33
P57175	Flagellar M-ring protein	fliF	GO:0003774,GO:0005886,GO:0009431,GO:0016021,GO:0071973	
P57268	Peptide chain release factor 1	prfA	GO:0005737,GO:0016149	
P57590	50S ribosomal protein L4	rplD	GO:0003735,GO:0005737,GO:0005840,GO:0006412,GO:0019843,GO:1990904	
P57362	Uncharacterized acyl-CoA thioester hydrolase BU274		GO:0016790	3.1.2.-
Q89B26	Bifunctional protein GlmU	glmU	GO:0000287,GO:0000902,GO:0003977,GO:0005737,GO:0006048,GO:0008360,GO:0009245,GO:0009252,GO:0019134,GO:0071555	2.3.1.157,2.7.7.23
P59487	3-dehydroquinate synthase	aroB	GO:0000166,GO:0003856,GO:0005737,GO:0008652,GO:0009073,GO:0009423,GO:0046872	4.2.3.4
Q89AL7	Lipoyl synthase	lipA	GO:0005737,GO:0009249,GO:0016992,GO:0046872,GO:0051539	2.8.1.8
Q89A96	Multidrug resistance-like ATP-binding protein MdlB	mdlB	GO:0005524,GO:0005886,GO:0008559,GO:0016021	7.6.2.2
P57243	Dihydrofolate reductase	folA	GO:0004146,GO:0006545,GO:0006730,GO:0046654,GO:0050661	1.5.1.3
P57288	Ribosome-binding ATPase YchF	ychF	GO:0005524,GO:0005525,GO:0016887,GO:0043022,GO:0043023,GO:0046872	
P57513	Diaminopimelate decarboxylase	lysA	GO:0008836,GO:0009089,GO:0030170	4.1.1.20
P57617	Adenine DNA glycosylase	mutY	GO:0000701,GO:0003677,GO:0006284,GO:0046872,GO:0051539	3.2.2.31
P57121	ATP synthase subunit delta	atpH	GO:0005886,GO:0045261,GO:0046933	
P57280	Uracil-DNA glycosylase	ung	GO:0004844,GO:0005737,GO:0006284	3.2.2.27
P57363	Inner membrane-spanning protein YciB	yciB	GO:0005887	
P57591	50S ribosomal protein L3	rplC	GO:0003735,GO:0005840,GO:0006412,GO:0019843,GO:1990904	
P57647	Low-affinity inorganic phosphate transporter	pit	GO:0005315,GO:0005886,GO:0006817,GO:0016021	
P57364	UPF0259 membrane protein BU276		GO:0005886,GO:0016021	
Q89AD5	Ribose-5-phosphate isomerase A	rpiA	GO:0004751,GO:0009052	5.3.1.6
Q89AL8	Octanoyltransferase	lipB	GO:0005737,GO:0009249,GO:0033819	2.3.1.181
Q89AM6	Signal peptidase I	lepB	GO:0004252,GO:0005886,GO:0006465,GO:0016021	3.4.21.89
Q89AS6	Uncharacterized ferredoxin-like protein bbp_166		GO:0046872,GO:0051537	
P57173	Glutamate--tRNA ligase	gltX	GO:0000049,GO:0004818,GO:0005524,GO:0005737,GO:0006424,GO:0008270	6.1.1.17
P57349	tRNA-specific 2-thiouridylase MnmA	mnmA	GO:0000049,GO:0005524,GO:0005737,GO:0006400,GO:0016783	2.8.1.13
P57432	3-oxoacyl-[acyl-carrier-protein] reductase FabG	fabG	GO:0004316,GO:0006633,GO:0046872	1.1.1.100
P57620	Exodeoxyribonuclease I	sbcB	GO:0000175,GO:0000287,GO:0000738,GO:0003697,GO:0006281,GO:0008310,GO:0008852,GO:0051575	3.1.11.1
P57123	ATP synthase gamma chain	atpG	GO:0005524,GO:0005886,GO:0042777,GO:0045261,GO:0046933	
P57177	Flagellar assembly protein FliH	fliH	GO:0003774,GO:0005737,GO:0009288,GO:0015031,GO:0044781,GO:0071973	
P57281	Protein GrpE 2	grpE2	GO:0000774,GO:0005737,GO:0006457,GO:0042803,GO:0051087	
P57365	Tryptophan synthase alpha chain	trpA	GO:0004834	4.2.1.20
P57425	Flagellar L-ring protein	flgH	GO:0003774,GO:0009279,GO:0009427,GO:0071973	
P57484	Translational regulator CsrA	csrA	GO:0005737,GO:0006109,GO:0006402,GO:0045947,GO:0045948,GO:0048027	
P57592	30S ribosomal protein S10	rpsJ	GO:0000049,GO:0003735,GO:0005840,GO:0006412,GO:1990904	
P57387	GTP cyclohydrolase 1 type 2 homolog		GO:0046872	
Q89A27	Elongation factor P--(R)-beta-lysine ligase	epmA	GO:0004824,GO:0005524,GO:0005737,GO:0006430,GO:0016880,GO:0071915	6.3.1.-
Q89AM9	SsrA-binding protein	smpB	GO:0003723,GO:0005737,GO:0070929	
Q89AS9	UPF0162 protein bbp_163			
P57245	Carbamoyl-phosphate synthase small chain	carA	GO:0004088,GO:0005524,GO:0006207,GO:0006526,GO:0006541,GO:0044205	6.3.5.5
P57351	Adenylosuccinate lyase	purB	GO:0004018,GO:0006189,GO:0044208,GO:0070626	4.3.2.2
P57437	PTS system glucose-specific EIICB component	ptsG	GO:0005355,GO:0005886,GO:0008982,GO:0009401,GO:0016021,GO:0016301,GO:0016310	2.7.1.199
P57516	tRNA-2-methylthio-N(6)-dimethylallyladenosine synthase	miaB	GO:0005737,GO:0006400,GO:0035596,GO:0046872,GO:0051539	2.8.4.3
P57125	ATP synthase epsilon chain	atpC	GO:0005524,GO:0005886,GO:0045261,GO:0046933	
P57426	Flagellar P-ring protein	flgI	GO:0005198,GO:0009428,GO:0030288,GO:0071973	
P57485	Glutamate--cysteine ligase	gshA	GO:0004357,GO:0005524,GO:0006750	6.3.2.2
P57593	Elongation factor G	fusA	GO:0003746,GO:0003924,GO:0005525,GO:0005737	
P57650	Iron-sulfur cluster assembly protein CyaY	cyaY	GO:0005737,GO:0008199,GO:0016226	
P59416	3-phosphoshikimate 1-carboxyvinyltransferase	aroA	GO:0003866,GO:0005737,GO:0008652,GO:0009073,GO:0009423	2.5.1.19
Q89A28	Flavodoxin/ferredoxin--NADP reductase	fpr	GO:0000166,GO:0004324,GO:0005737	1.18.1.2,1.19.1.1
Q89AT8	NADH-quinone oxidoreductase subunit J	nuoJ	GO:0005886,GO:0008137,GO:0016021,GO:0048038	7.1.1.-
P59478	Endoribonuclease YbeY	ybeY	GO:0004222,GO:0004521,GO:0005737,GO:0006364,GO:0008270	3.1.-.-
P59575	Orotate phosphoribosyltransferase	pyrE	GO:0000287,GO:0004588,GO:0044205	2.4.2.10
Q89AA0	ATP-dependent Clp protease ATP-binding subunit ClpX	clpX	GO:0005524,GO:0008270,GO:0016887,GO:0046983,GO:0051082,GO:0140662	
P57246	4-hydroxy-tetrahydrodipicolinate reductase	dapB	GO:0005737,GO:0008839,GO:0009089,GO:0016726,GO:0019877,GO:0050661,GO:0051287	1.17.1.8
P57353	Enoyl-[acyl-carrier-protein] reductase [NADH] FabI	fabI	GO:0004318,GO:0009102,GO:0016631,GO:0030497,GO:0042802	1.3.1.9
P57526	Fructose-bisphosphate aldolase class 2	fbaA	GO:0004332,GO:0006096,GO:0008270	4.1.2.13
P57127	Beta sliding clamp	dnaN	GO:0003677,GO:0003887,GO:0005737,GO:0006260,GO:0008408,GO:0009360	
P57554	Nucleoid-associated protein BU482		GO:0003677,GO:0005737,GO:0043590	
P57653	Thioredoxin	trxA	GO:0015035	
P59417	Inorganic pyrophosphatase	ppa	GO:0000287,GO:0004427,GO:0005737,GO:0006796	3.6.1.1
P59497	Ribonuclease T	rnt	GO:0000287,GO:0003676,GO:0008033,GO:0016896	3.1.13.-
Q89AE5	Bifunctional chorismate mutase/prephenate dehydratase	pheA	GO:0004106,GO:0004664,GO:0005737,GO:0009094,GO:0046417	4.2.1.51,5.4.99.5
Q89AM5	Elongation factor 4	lepA	GO:0003746,GO:0003924,GO:0005525,GO:0005886,GO:0043022,GO:0045727	3.6.5.n1
Q89AA1	ATP-dependent Clp protease proteolytic subunit	clpP	GO:0004176,GO:0004252,GO:0005737,GO:0006508	3.4.21.92
Q89AX7	Histidinol-phosphate aminotransferase	hisC	GO:0000105,GO:0004400,GO:0030170	2.6.1.9
P57193	3-oxoacyl-[acyl-carrier-protein] synthase 1	fabB	GO:0004315,GO:0005737,GO:0006633	2.3.1.41
P57528	RecBCD enzyme subunit RecC	recC	GO:0000724,GO:0003677,GO:0003678,GO:0005524,GO:0008854,GO:0009338	3.1.11.5
P57632	tRNA dimethylallyltransferase	miaA	GO:0005524,GO:0008033,GO:0052381	2.5.1.75
P57128	Chromosomal replication initiator protein DnaA	dnaA	GO:0003688,GO:0005524,GO:0005737,GO:0006270,GO:0006275	
P57286	Superoxide dismutase [Mn]	sodA	GO:0004784,GO:0046872	1.15.1.1
P57431	50S ribosomal protein L32	rpmF	GO:0003735,GO:0006412,GO:0015934	
P57555	Chaperone protein HtpG	htpG	GO:0005524,GO:0005737,GO:0016887,GO:0051082,GO:0140662	
P57423	Flagellar basal-body rod protein FlgF	flgF	GO:0009425	
Q89A30	Anthranilate synthase component 2	trpG	GO:0000162,GO:0004049,GO:0006541	4.1.3.27
P59614	Argininosuccinate lyase	argH	GO:0004056,GO:0005737,GO:0042450	4.3.2.1
Q89A65	30S ribosomal protein S12	rpsL	GO:0000049,GO:0003735,GO:0006412,GO:0015935,GO:0019843	
Q89AA6	Cytochrome bo(3) ubiquinol oxidase subunit 4	cyoD	GO:0005886,GO:0016021	
Q89AN6	Flagellar biosynthetic protein FlhB	flhB	GO:0005886,GO:0009306,GO:0016021	
P57195	Transketolase	tkt	GO:0004802,GO:0046872	2.2.1.1
P57248	Lipoprotein signal peptidase	lspA	GO:0004190,GO:0005886,GO:0006508,GO:0016021	3.4.23.36
P57529	RecBCD enzyme subunit RecB	recB	GO:0000287,GO:0000724,GO:0003677,GO:0003678,GO:0005524,GO:0008854	3.1.11.5
P57635	PTS system mannitol-specific EIICBA component	mtlA	GO:0005886,GO:0009401,GO:0016021,GO:0016301,GO:0016310,GO:0022872	2.7.1.197
P57287	Peptidyl-tRNA hydrolase	pth	GO:0004045,GO:0005737,GO:0006412	3.1.1.29
P57370	Probable protease SohB	sohB	GO:0004252,GO:0005886,GO:0006508,GO:0016021	3.4.21.-
P57596	Protein TusB	tusB	GO:0002143,GO:0005737	
Q89B21	DNA-directed RNA polymerase subunit beta'	rpoC	GO:0000287,GO:0000428,GO:0003677,GO:0003899,GO:0006351,GO:0008270	2.7.7.6
P59484	30S ribosomal protein S11	rpsK	GO:0003735,GO:0005840,GO:0006412,GO:0019843,GO:1990904	
Q89A66	30S ribosomal protein S7	rpsG	GO:0000049,GO:0003735,GO:0006412,GO:0015935,GO:0019843	
Q89AH7	Flagellar basal-body rod protein FlgG	flgG	GO:0009426,GO:0071973	
P57196	Succinyl-diaminopimelate desuccinylase	dapE	GO:0008270,GO:0009014,GO:0009089,GO:0019877,GO:0050897	3.5.1.18
P57358	Orotidine 5'-phosphate decarboxylase	pyrF	GO:0004590,GO:0006207,GO:0044205	4.1.1.23
P57447	Valine--tRNA ligase	valS	GO:0002161,GO:0004832,GO:0005524,GO:0005737,GO:0006438	6.1.1.9
P57530	RecBCD enzyme subunit RecD	recD	GO:0000724,GO:0003677,GO:0003678,GO:0005524,GO:0008854,GO:0009338	3.1.11.5
P57636	Glucose-6-phosphate isomerase	pgi	GO:0004347,GO:0005737,GO:0006094,GO:0006096,GO:0097367	5.3.1.9
P57185	Flagellar biosynthetic protein FliQ	fliQ	GO:0005886,GO:0009306,GO:0009425,GO:0016021,GO:0044780	
P57289	Threonine synthase	thrC	GO:0004795,GO:0009088,GO:0030170	4.2.3.1
P57375	Histidine--tRNA ligase	hisS	GO:0004821,GO:0005524,GO:0005737,GO:0006427	6.1.1.21
P57564	Methionyl-tRNA formyltransferase	fmt	GO:0004479	2.1.2.9
P57597	Protein TusC	tusC	GO:0005737,GO:0008033	
P59504	Phenylalanine--tRNA ligase alpha subunit	pheS	GO:0000049,GO:0000287,GO:0004826,GO:0005524,GO:0005737,GO:0006432	6.1.1.20
P59485	tRNA uridine 5-carboxymethylaminomethyl modification enzyme MnmG	mnmG	GO:0002098,GO:0005737,GO:0050660	
Q89AN8	DNA polymerase III subunit alpha	dnaE	GO:0003887,GO:0005737,GO:0006260,GO:0008408	2.7.7.7
Q89AY8	50S ribosomal protein L28	rpmB	GO:0003735,GO:0005840,GO:0006412,GO:1990904	
Q89B35	50S ribosomal protein L34	rpmH	GO:0003735,GO:0005840,GO:0006412,GO:1990904	
Q89AW2	Uncharacterized protein bbp_116		GO:0016226,GO:0051537	
O32465	Chaperone protein DnaJ	dnaJ	GO:0005524,GO:0005737,GO:0006260,GO:0006457,GO:0008270,GO:0009408,GO:0031072,GO:0051082	
P57197	4-hydroxy-tetrahydrodipicolinate synthase	dapA	GO:0005737,GO:0008840,GO:0009089,GO:0019877	4.3.3.7
P57359	GTP cyclohydrolase-2	ribA	GO:0003935,GO:0005525,GO:0008270,GO:0009231	3.5.4.25
P57448	Cytosol aminopeptidase	pepA	GO:0005737,GO:0006508,GO:0030145,GO:0070006	3.4.11.1,3.4.11.10
P57131	Membrane protein insertase YidC	yidC	GO:0005886,GO:0015031,GO:0016021,GO:0032977	
P57435	DNA polymerase III subunit delta'	holB	GO:0003677,GO:0003887,GO:0006260,GO:0009360	2.7.7.7
P57598	Sulfurtransferase TusD	tusD	GO:0005737,GO:0008033,GO:0016783	2.8.1.-
P59422	Aspartate--tRNA ligase	aspS	GO:0003676,GO:0004815,GO:0005524,GO:0005737,GO:0006422	6.1.1.12
Q89AF2	ATP-dependent zinc metalloprotease FtsH	ftsH	GO:0004176,GO:0004222,GO:0005524,GO:0005886,GO:0006508,GO:0008270,GO:0016021,GO:0016887,GO:0030163	3.4.24.-
Q89AN4	Hydroxyacylglutathione hydrolase	gloB	GO:0004416,GO:0019243,GO:0046872	3.1.2.6
Q89B24	5-methyltetrahydropteroyltriglutamate--homocysteine methyltransferase	metE	GO:0003871,GO:0008270,GO:0009086,GO:0032259	2.1.1.14
Q89A15	2Fe-2S ferredoxin	fdx	GO:0009055,GO:0046872,GO:0051537,GO:0140647	
Q89AB5	Uncharacterized MscS family protein bbp_402		GO:0005886,GO:0008381,GO:0016021	
Q89AH9	Flagellar basal-body rod protein FlgC	flgC	GO:0030694,GO:0071973	
Q89AP1	Ribosome-recycling factor	frr	GO:0005737,GO:0006415	
Q89AX8	UPF0115 protein bbp_092			
P25750	Chaperonin GroEL	groEL	GO:0005524,GO:0005737,GO:0016853,GO:0042026,GO:0051082,GO:0140662	5.6.1.7
P57198	Chorismate synthase	aroC	GO:0004107,GO:0008652,GO:0009073,GO:0009423	4.2.3.5
P57300	GMP reductase	guaC	GO:0003920,GO:0006163,GO:0046872,GO:1902560	1.7.1.7
P57361	Cardiolipin synthase A	clsA	GO:0005886,GO:0008808,GO:0016021,GO:0032049	2.7.8.-
P57453	ATP-dependent RNA helicase DeaD	deaD	GO:0000027,GO:0003723,GO:0003724,GO:0005524,GO:0005737,GO:0006401,GO:0016887,GO:0070417	3.6.4.13
P57133	Elongation factor P	efp	GO:0003746,GO:0005829	
P57187	50S ribosomal protein L33	rpmG	GO:0003735,GO:0005840,GO:0006412,GO:1990904	
P57436	Uncharacterized metal-dependent hydrolase BU355		GO:0004536,GO:0046872	3.1.-.-
P57599	FKBP-type peptidyl-prolyl cis-trans isomerase FkpA	fkpA	GO:0003755,GO:0006457	5.2.1.8
P57662	GTPase Der	der	GO:0005525,GO:0042254	
Q89AU4	NADH-quinone oxidoreductase subunit C/D	nuoC	GO:0005886,GO:0008137,GO:0022904,GO:0030964,GO:0048038,GO:0051287	7.1.1.-
Q89A16	Chaperone protein HscA	hscA	GO:0005524,GO:0140662	
Q89AZ0	Flagellar biosynthetic protein FliR	fliR	GO:0005886,GO:0006605,GO:0009425,GO:0016021,GO:0044780	
P56933	3-isopropylmalate dehydrogenase	leuB	GO:0000287,GO:0003862,GO:0005737,GO:0009098,GO:0051287	1.1.1.85
P57302	Dihydrolipoyllysine-residue acetyltransferase component of pyruvate dehydrogenase complex	aceF		
P57366	Tryptophan biosynthesis protein TrpCF	trpC	GO:0000162,GO:0004425,GO:0004640	4.1.1.48,5.3.1.24
P57134	DNA replication protein DnaC	dnaC	GO:0005524,GO:0006269,GO:1990077	
P57307	Iron-sulfur cluster insertion protein ErpA	erpA	GO:0005506,GO:0016226,GO:0051537	
P57385	Flavodoxin	fldA	GO:0009055,GO:0010181	
P57506	5'-3' exonuclease	pol	GO:0003677,GO:0004527,GO:0017108,GO:0033567	3.1.11.-
P57601	Protein TsgA homolog	tsgA	GO:0005886,GO:0016021,GO:0022857	
P59424	UDP-N-acetylglucosamine--N-acetylmuramyl-(pentapeptide) pyrophosphoryl-undecaprenol N-acetylglucosamine transferase	murG	GO:0005886,GO:0005975,GO:0007049,GO:0008360,GO:0009252,GO:0030259,GO:0050511,GO:0051301,GO:0051991,GO:0071555	2.4.1.227
P59508	tRNA pseudouridine synthase A	truA	GO:0003723,GO:0031119,GO:0106029	5.4.99.12
Q89AP0	Ditrans,polycis-undecaprenyl-diphosphate synthase ((2E,6E)-farnesyl-diphosphate specific)	uppS	GO:0000287,GO:0008360,GO:0008834,GO:0009252,GO:0071555	2.5.1.31
Q89AU5	NADH-quinone oxidoreductase subunit B	nuoB	GO:0005506,GO:0005886,GO:0008137,GO:0048038,GO:0051539	7.1.1.-
P59491	30S ribosomal protein S4	rpsD	GO:0003735,GO:0006412,GO:0015935,GO:0019843	
Q89A17	Co-chaperone protein HscB	hscB	GO:0001671,GO:0006457,GO:0044571,GO:0051087,GO:0051259	
Q89A70	50S ribosomal protein L23	rplW	GO:0003735,GO:0005840,GO:0006412,GO:0019843,GO:1990904	
P57201	Histidinol dehydrogenase	hisD	GO:0000105,GO:0004399,GO:0008270,GO:0051287	1.1.1.23
P57303	Dihydrolipoyl dehydrogenase	lpdA	GO:0004148,GO:0005737,GO:0006096,GO:0045454,GO:0050660	1.8.1.4
P57372	Nus factor SuhB	suhB	GO:0003723,GO:0005737,GO:0008934,GO:0031564,GO:0042254,GO:0046855,GO:0052832,GO:0052833	3.1.3.25
P57540	Protoheme IX farnesyltransferase	cyoE	GO:0005886,GO:0008495,GO:0016021,GO:0048034	2.5.1.141
P57649	Diaminopimelate epimerase	dapF	GO:0005737,GO:0008837,GO:0009089	5.1.1.7
P57191	Metalloprotease PmbA homolog	pmbA	GO:0005737,GO:0006508,GO:0008237	3.4.-.-
P57308	Cell division protein FtsZ	ftsZ	GO:0000917,GO:0003924,GO:0005525,GO:0005737,GO:0032153,GO:0043093,GO:0051258	
P57388	2-oxoglutarate dehydrogenase E1 component	sucA	GO:0004591,GO:0006096,GO:0006099,GO:0030976	1.2.4.2
P57507	Probable GTP-binding protein EngB	engB	GO:0000917,GO:0005525,GO:0046872	
P57569	30S ribosomal protein S13	rpsM	GO:0000049,GO:0003735,GO:0005840,GO:0006412,GO:0019843,GO:1990904	
P57608	Peptide chain release factor 3	prfC	GO:0003924,GO:0005525,GO:0005737,GO:0006449,GO:0016149	
P59426	Dihydroxy-acid dehydratase	ilvD	GO:0000287,GO:0004160,GO:0009097,GO:0009099,GO:0051537	4.2.1.9
Q89AF6	tRNA pseudouridine synthase B	truB	GO:0003723,GO:0031119,GO:0106029	5.4.99.25
Q89AU6	NADH-quinone oxidoreductase subunit A	nuoA	GO:0005886,GO:0008137,GO:0016021,GO:0048038	7.1.1.-
P59493	Peptide deformylase	def	GO:0006412,GO:0042586,GO:0046872	3.5.1.88
Q89A18	Iron-sulfur cluster assembly scaffold protein IscU	nifU	GO:0005506,GO:0016226,GO:0051536	
Q89A71	50S ribosomal protein L2	rplB	GO:0003735,GO:0005829,GO:0006412,GO:0015934,GO:0016740,GO:0019843	
Q89AC1	Magnesium and cobalt efflux protein CorC	corC	GO:0050660	
Q89AI2	Ribosomal RNA small subunit methyltransferase C	rsmC	GO:0005737,GO:0052914	2.1.1.172
Q89AZ2	Flagellar biosynthetic protein FliP	fliP	GO:0005886,GO:0009306,GO:0009425,GO:0016021,GO:0044781	
P57203	Histidine biosynthesis bifunctional protein HisB	hisB	GO:0000105,GO:0004401,GO:0004424,GO:0005737,GO:0046872	3.1.3.15,4.2.1.19
P57255	NADH-quinone oxidoreductase subunit E	nuoE	GO:0016491,GO:0046872,GO:0048038,GO:0051537	7.1.1.-
P57459	Transcription termination/antitermination protein NusA	nusA	GO:0000166,GO:0003700,GO:0003723,GO:0005737,GO:0006353,GO:0031564	
P57136	Ribosomal RNA small subunit methyltransferase D	rsmD	GO:0003676,GO:0052913	2.1.1.171
P57192	Ribosomal RNA small subunit methyltransferase I	rsmI	GO:0000453,GO:0005737,GO:0070677	2.1.1.198
P57309	Cell division protein FtsA	ftsA	GO:0009898,GO:0032153,GO:0043093	
P57570	50S ribosomal protein L36	rpmJ	GO:0003735,GO:0005840,GO:0006412,GO:1990904	
Q44683	Arginine--tRNA ligase	argS	GO:0004814,GO:0005524,GO:0005737,GO:0006420	6.1.1.19
P57545	Uncharacterized protein BU473			
P59427	Thymidylate synthase	thyA	GO:0004799,GO:0005737,GO:0006231,GO:0006235,GO:0032259	2.1.1.45
P59519	3-isopropylmalate dehydratase large subunit	leuC	GO:0003861,GO:0009098,GO:0046872,GO:0051539	4.2.1.33
Q89AF8	Polyribonucleotide nucleotidyltransferase	pnp	GO:0000287,GO:0003723,GO:0004654,GO:0005737,GO:0006396,GO:0006402	2.7.7.8
Q89AP5	Probable periplasmic serine endoprotease DegP-like	htrA	GO:0004252,GO:0006508	
P59496	Probable endonuclease 4	nfo	GO:0003677,GO:0006281,GO:0008270,GO:0008833	3.1.21.2
Q89A23	Uncharacterized transporter bbp_532		GO:0005886,GO:0016021,GO:0022857	
Q89A72	30S ribosomal protein S19	rpsS	GO:0003735,GO:0005737,GO:0006412,GO:0015935,GO:0019843	
Q89AC3	tRNA-modifying protein YgfZ		GO:0005542,GO:0005737,GO:0008033,GO:0009451	
Q89AI3	Septum site-determining protein MinD	minD	GO:0000917,GO:0005524,GO:0005886,GO:0016887	
Q89B43	ATP synthase subunit b	atpF	GO:0005886,GO:0016021,GO:0045263,GO:0046933	
P57115	ATP-dependent protease subunit HslV	hslV	GO:0004298,GO:0005839,GO:0009376,GO:0046872,GO:0051603	3.4.25.2
P57204	Imidazole glycerol phosphate synthase subunit HisH	hisH	GO:0000105,GO:0000107,GO:0004359,GO:0005737,GO:0006541,GO:0016829	3.5.1.2,4.3.2.10
P57256	NADH-quinone oxidoreductase subunit F	nuoF	GO:0008137,GO:0010181,GO:0045271,GO:0046872,GO:0048038,GO:0051287,GO:0051539	7.1.1.-
P57461	Phosphoglucosamine mutase	glmM	GO:0000287,GO:0005975,GO:0008966	5.4.2.10
P57652	Transcription termination factor Rho	rho	GO:0003723,GO:0004386,GO:0005524,GO:0005829,GO:0006353,GO:0008186,GO:0016787	3.6.4.-
P57137	Signal recognition particle receptor FtsY	ftsY	GO:0003924,GO:0005525,GO:0005737,GO:0006614,GO:0031226	
P57194	Transaldolase	tal	GO:0004801,GO:0005737,GO:0005975,GO:0006098	2.2.1.2
P57571	Protein translocase subunit SecY	secY	GO:0005886,GO:0006605,GO:0016021,GO:0043952,GO:0065002	
Q44685	Tryptophan synthase beta chain	trpB	GO:0004834	4.2.1.20
P57559	UPF0250 protein BU488			
P59428	Adenylosuccinate synthetase	purA	GO:0000287,GO:0004019,GO:0005525,GO:0005737,GO:0044208	6.3.4.4
Q89AU9	Isoleucine--tRNA ligase	ileS	GO:0000049,GO:0002161,GO:0004822,GO:0005524,GO:0005737,GO:0006428,GO:0008270	6.1.1.5
Q89A73	50S ribosomal protein L16	rplP	GO:0000049,GO:0003735,GO:0005840,GO:0006412,GO:0019843,GO:1990904	
Q89AI4	Cell division topological specificity factor	minE	GO:0007049,GO:0032955,GO:0051301	
Q89B45	ATP synthase subunit a	atpB	GO:0005886,GO:0016021,GO:0045263,GO:0046933	
Q89B47	Probable replication-associated protein repA2	repA2	GO:0006260,GO:0006276	
P57119	ATP synthase subunit c	atpE	GO:0005886,GO:0008289,GO:0016021,GO:0045263,GO:0046933	
P57206	Imidazole glycerol phosphate synthase subunit HisF	hisF	GO:0000105,GO:0000107,GO:0005737,GO:0016829	4.3.2.10
P57257	NADH-quinone oxidoreductase subunit G	nuoG	GO:0008137,GO:0016020,GO:0042773,GO:0046872,GO:0048038,GO:0051537,GO:0051539	7.1.1.-
P57306	5'-methylthioadenosine/S-adenosylhomocysteine nucleosidase	mtnN	GO:0005737,GO:0008782,GO:0008930,GO:0019284,GO:0019509,GO:0046124	3.2.2.9
P57377	ATP-dependent dethiobiotin synthetase BioD	bioD	GO:0000287,GO:0004141,GO:0005524,GO:0005737,GO:0009102	6.3.3.3
P57463	Ribosomal RNA large subunit methyltransferase E	rlmE	GO:0005737,GO:0008650	2.1.1.166
P57654	ATP-dependent DNA helicase Rep	rep	GO:0003678,GO:0003697,GO:0005524,GO:0006268,GO:0008408,GO:0016887	3.6.4.12
P57319	Ribosomal RNA small subunit methyltransferase H	rsmH	GO:0005737,GO:0070475,GO:0071424	2.1.1.199
P57395	30S ribosomal protein S1	rpsA	GO:0003723,GO:0003735,GO:0005840,GO:0006412,GO:1990904	
P57449	Ornithine carbamoyltransferase	argI	GO:0004585,GO:0005737,GO:0006526,GO:0016597	2.1.3.3
P57572	50S ribosomal protein L15	rplO	GO:0003735,GO:0006412,GO:0015934,GO:0019843	
P57613	Putative pre-16S rRNA nuclease	yqgF	GO:0000967,GO:0004518,GO:0005737	3.1.-.-
P59408	Deoxyuridine 5'-triphosphate nucleotidohydrolase	dut	GO:0000287,GO:0004170,GO:0006226,GO:0046081	3.6.1.23
P59500	Thymidylate kinase	tmk	GO:0004798,GO:0005524,GO:0006233,GO:0006235,GO:0016310	2.7.4.9
Q89A74	50S ribosomal protein L29	rpmC	GO:0003735,GO:0005840,GO:0006412,GO:1990904	
Q89AC8	Guanylate kinase	gmk	GO:0004385,GO:0005524,GO:0005737,GO:0016310	2.7.4.8
Q89B48	UPF0114 protein in repA1-repA2 intergenic region		GO:0005886,GO:0016021	
P57122	ATP synthase subunit alpha	atpA	GO:0005524,GO:0005886,GO:0045261,GO:0046933,GO:0046961	7.1.2.2
P57258	NADH-quinone oxidoreductase subunit H	nuoH	GO:0005886,GO:0016021,GO:0016655,GO:0048038	7.1.1.-
P57310	UDP-N-acetylmuramate--L-alanine ligase	murC	GO:0005524,GO:0005737,GO:0007049,GO:0008360,GO:0008763,GO:0009252,GO:0051301,GO:0071555	6.3.2.8
P57378	Biotin synthase	bioB	GO:0004076,GO:0005506,GO:0009102,GO:0051537,GO:0051539	2.8.1.6
P57466	UDP-N-acetylglucosamine 1-carboxyvinyltransferase	murA	GO:0005737,GO:0007049,GO:0008360,GO:0008760,GO:0009252,GO:0019277,GO:0051301,GO:0071555	2.5.1.7
P57655	Ketol-acid reductoisomerase (NADP(+))	ilvC	GO:0000287,GO:0004455,GO:0009097,GO:0009099	1.1.1.86
P57144	DNA-binding protein HU	hup	GO:0003677,GO:0030527	
P57399	Thioredoxin reductase	trxB	GO:0004791,GO:0005737,GO:0019430	1.8.1.9
P57614	Pyridoxal phosphate homeostasis protein		GO:0030170	
P59432	Serine hydroxymethyltransferase	glyA	GO:0004372,GO:0005737,GO:0019264,GO:0030170,GO:0035999	2.1.2.1
P59524	Ribosomal RNA small subunit methyltransferase A	rsmA	GO:0003723,GO:0005737,GO:0052908	2.1.1.182
Q89A59	Ribulose-phosphate 3-epimerase	rpe	GO:0004750,GO:0006098,GO:0019323,GO:0046872	5.1.3.1
Q89AQ0	Peptidoglycan D,D-transpeptidase FtsI	ftsI	GO:0000917,GO:0005887,GO:0006508,GO:0008360,GO:0008658,GO:0008955,GO:0009002,GO:0009252,GO:0043093,GO:0071555	3.4.16.4
Q89AI6	UPF0053 protein bbp_300		GO:0005886,GO:0016021,GO:0050660	
Q89AR0	Pyruvate dehydrogenase E1 component	aceE	GO:0004739,GO:0006096	1.2.4.1
P57124	ATP synthase subunit beta	atpD	GO:0005524,GO:0005886,GO:0045261,GO:0046933,GO:0046961	7.1.2.2
P57259	NADH-quinone oxidoreductase subunit I	nuoI	GO:0005506,GO:0005886,GO:0048038,GO:0050136,GO:0051539	7.1.1.-
P57469	GTPase Obg	obg	GO:0000287,GO:0003924,GO:0005525,GO:0005737,GO:0042254	3.6.5.-
P57549	Lon protease	lon	GO:0004176,GO:0004252,GO:0005524,GO:0005737,GO:0006515,GO:0016887,GO:0034605,GO:0043565	3.4.21.53
P57146	DNA-directed RNA polymerase subunit beta	rpoB	GO:0000428,GO:0003677,GO:0003899,GO:0006351,GO:0032549	2.7.7.6
P57212	Riboflavin synthase	ribE	GO:0004746,GO:0009231	2.5.1.9
P57323	2,3,4,5-tetrahydropyridine-2,6-dicarboxylate N-succinyltransferase	dapD	GO:0005737,GO:0008666,GO:0009089,GO:0019877	2.3.1.117
P57574	30S ribosomal protein S5	rpsE	GO:0003735,GO:0006412,GO:0015935,GO:0019843	
Q89AW0	Phospho-2-dehydro-3-deoxyheptonate aldolase, Trp-sensitive	aroH	GO:0003849,GO:0008652,GO:0009073,GO:0009423	2.5.1.54
P59503	Probable septum site-determining protein MinC	minC	GO:0000902,GO:0000917,GO:0051302,GO:1901891	
Q89A32	50S ribosomal protein L31	rpmE	GO:0003735,GO:0005840,GO:0006412,GO:0019843,GO:0046872,GO:1990904	
Q89AI7	Glucose-6-phosphate 1-dehydrogenase	zwf	GO:0004345,GO:0006006,GO:0006098,GO:0050661	1.1.1.49
Q89AR3	RNA polymerase-binding transcription factor DksA	dksA	GO:0005737,GO:0008270,GO:0010468	
Q89AZ9	Flagellar motor switch protein FliG	fliG	GO:0003774,GO:0005886,GO:0006935,GO:0009425,GO:0071973	
P57126	DNA gyrase subunit B	gyrB	GO:0003677,GO:0003918,GO:0005524,GO:0005694,GO:0005737,GO:0006261,GO:0006265,GO:0046872	5.6.2.2
P57209	dCTP deaminase	dcd	GO:0000166,GO:0006226,GO:0006229,GO:0008829	3.5.4.13
P57479	3-dehydroquinate dehydratase	aroQ	GO:0003855,GO:0008652,GO:0009073,GO:0009423	4.2.1.10
P57553	DNA polymerase III subunit gamma	dnaX	GO:0003677,GO:0003887,GO:0005524,GO:0006260,GO:0009360	2.7.7.7
P57657	Cysteine desulfurase IscS	iscS	GO:0005737,GO:0030170,GO:0031071,GO:0044571,GO:0046872,GO:0051537	2.8.1.7
P57147	50S ribosomal protein L7/L12	rplL	GO:0003735,GO:0005840,GO:0006412,GO:1990904	
P57213	Ion-translocating oxidoreductase complex subunit A	rnfA	GO:0005886,GO:0016021,GO:0022900	7.-.-.-
P57455	30S ribosomal protein S15	rpsO	GO:0003735,GO:0005737,GO:0005840,GO:0006412,GO:0019843,GO:1990904	
P57618	Probable Fe(2+)-trafficking protein		GO:0005506	
P59413	Ribonuclease P protein component	rnpA	GO:0000049,GO:0001682,GO:0004526	3.1.26.5
P59506	Elongation factor Tu	tuf	GO:0003746,GO:0003924,GO:0005525,GO:0005737	
Q89A33	Putative N-acetylmuramoyl-L-alanine amidase	amiB	GO:0005576,GO:0008745,GO:0009253,GO:0071555	3.5.1.28
Q89AD2	Thiol:disulfide interchange protein DsbA	dsbA		
P57132	tRNA modification GTPase MnmE	mnmE	GO:0003924,GO:0005525,GO:0005737,GO:0006400,GO:0046872	3.6.-.-
P57261	NADH-quinone oxidoreductase subunit K	nuoK	GO:0005886,GO:0016021,GO:0042773,GO:0048038,GO:0050136	7.1.1.-
P57313	UDP-N-acetylmuramoylalanine--D-glutamate ligase	murD	GO:0005524,GO:0005737,GO:0007049,GO:0008360,GO:0008764,GO:0009252,GO:0051301,GO:0071555	6.3.2.9
P57481	Ribosomal large subunit pseudouridine synthase D	rluD	GO:0000455,GO:0003723,GO:0120159	
P57556	Adenylate kinase	adk	GO:0004017,GO:0005524,GO:0005737,GO:0016310,GO:0044209	2.7.4.3
Q44607	Shikimate dehydrogenase (NADP(+))	aroE	GO:0004764,GO:0008652,GO:0009073,GO:0009423,GO:0019632,GO:0050661	1.1.1.25
P57148	50S ribosomal protein L10	rplJ	GO:0006412,GO:0070180	
P57519	Leucine--tRNA ligase	leuS	GO:0002161,GO:0004823,GO:0005524,GO:0005737,GO:0006429	6.1.1.4
P57576	50S ribosomal protein L6	rplF	GO:0003735,GO:0005840,GO:0006412,GO:0019843,GO:1990904	
P57619	Glutamate racemase	murI	GO:0008360,GO:0008881,GO:0009252,GO:0071555	5.1.1.3
P59436	Phospho-N-acetylmuramoyl-pentapeptide-transferase	mraY	GO:0005886,GO:0007049,GO:0008360,GO:0008963,GO:0009252,GO:0016021,GO:0046872,GO:0051301,GO:0051992,GO:0071555	2.7.8.13
Q89AQ3	Probable peptidoglycan glycosyltransferase FtsW	ftsW	GO:0005887,GO:0008360,GO:0008955,GO:0009252,GO:0032153,GO:0043093,GO:0071555	2.4.1.129
P59415	Anthranilate phosphoribosyltransferase	trpD	GO:0000162,GO:0000287,GO:0004048	2.4.2.18
Q89A34	Oligoribonuclease	orn	GO:0000175,GO:0003676,GO:0005737	3.1.15.-
Q89AD3	DNA mismatch repair protein MutS	mutS	GO:0003684,GO:0005524,GO:0006298,GO:0030983,GO:0140664	
Q89AJ0	Zinc import ATP-binding protein ZnuC	znuC	GO:0005524,GO:0005886,GO:0015633	7.2.2.20
P57138	Glutamine--fructose-6-phosphate aminotransferase [isomerizing]	glmS	GO:0004360,GO:0005737,GO:0005975,GO:0006541,GO:0097367,GO:1901137	2.6.1.16
P57262	NADH-quinone oxidoreductase subunit L	nuoL	GO:0005886,GO:0008137,GO:0016021,GO:0042773,GO:0048038	7.1.1.-
P57384	Glyceraldehyde-3-phosphate dehydrogenase	gapA	GO:0004365,GO:0005737,GO:0006006,GO:0006096,GO:0050661,GO:0051287	1.2.1.12
P57483	Alanine--tRNA ligase	alaS	GO:0000049,GO:0004813,GO:0005524,GO:0005737,GO:0006419,GO:0008270	6.1.1.7
P57557	Bifunctional protein FolD	folD	GO:0000105,GO:0004477,GO:0004488,GO:0006164,GO:0009086,GO:0035999	1.5.1.5,3.5.4.9
Q44695	Anthranilate synthase component 1	trpE	GO:0000162,GO:0004049,GO:0046872	4.1.3.27
P57149	50S ribosomal protein L1	rplA	GO:0000049,GO:0003735,GO:0006412,GO:0006417,GO:0015934,GO:0019843	
P57218	Ion-translocating oxidoreductase complex subunit E	rnfE	GO:0005886,GO:0016021,GO:0022900	7.-.-.-
P57458	Translation initiation factor IF-2	infB	GO:0003743,GO:0003924,GO:0005525,GO:0005737	
P57520	DNA polymerase III subunit delta	holA	GO:0003677,GO:0003887,GO:0006260,GO:0009360	2.7.7.7
P57577	30S ribosomal protein S8	rpsH	GO:0003735,GO:0005840,GO:0006412,GO:0019843,GO:1990904	
P59514	30S ribosomal protein S9	rpsI	GO:0003735,GO:0005840,GO:0006412,GO:1990904	
Q89AD4	Glutamine--tRNA ligase	glnS	GO:0004819,GO:0005524,GO:0005737,GO:0006424,GO:0006425	6.1.1.18
Q89AJ1	High-affinity zinc uptake system membrane protein ZnuB	znuB	GO:0005887,GO:0006829,GO:0043190,GO:0055085	
Q89AR8	Glutaredoxin 4	grxD	GO:0005737,GO:0046872,GO:0051537,GO:0097573	
Q89B03	Phosphocarrier protein HPr	ptsH	GO:0005737,GO:0009401	
P57214	Ion-translocating oxidoreductase complex subunit B	rnfB	GO:0005886,GO:0009055,GO:0046872,GO:0051539	7.-.-.-
P57263	NADH-quinone oxidoreductase subunit M	nuoM	GO:0005886,GO:0008137,GO:0016021,GO:0042773,GO:0048038	7.1.1.-
P57315	UDP-N-acetylmuramoyl-tripeptide--D-alanyl-D-alanine ligase	murF	GO:0005524,GO:0005737,GO:0007049,GO:0008360,GO:0008766,GO:0009252,GO:0047480,GO:0051301,GO:0071555	6.3.2.10
P57558	Cysteine--tRNA ligase	cysS	GO:0004817,GO:0005524,GO:0005737,GO:0006423,GO:0008270	6.1.1.16
P57150	50S ribosomal protein L11	rplK	GO:0003735,GO:0005840,GO:0006412,GO:0070180,GO:1990904	
P57226	Translation initiation factor IF-3	infC	GO:0003743,GO:0005737	
P57578	30S ribosomal protein S14	rpsN	GO:0003735,GO:0005737,GO:0005840,GO:0006412,GO:0019843,GO:1990904	
P59448	Carbamoyl-phosphate synthase large chain	carB	GO:0004088,GO:0005524,GO:0006526,GO:0044205,GO:0046872	6.3.5.5
P59556	3,4-dihydroxy-2-butanone 4-phosphate synthase	ribB	GO:0000287,GO:0008686,GO:0009231,GO:0030145	4.1.99.12
Q89AA3	Cytochrome bo(3) ubiquinol oxidase subunit 2	cyoA	GO:0004129,GO:0005507,GO:0005886,GO:0009486,GO:0016021,GO:0016682,GO:0070469	
Q89AI8	Pyruvate kinase	pykA	GO:0000287,GO:0004743,GO:0005524,GO:0016301,GO:0030955	2.7.1.40
Q89AX3	tRNA(Ile)-lysidine synthase	tilS	GO:0005524,GO:0005737,GO:0006400,GO:0016879	6.3.4.19
P59430	Translation initiation factor IF-1	infA	GO:0003743,GO:0005737,GO:0019843,GO:0043022	
P59516	3-isopropylmalate dehydratase small subunit	leuD	GO:0003861,GO:0009098,GO:0009316	4.2.1.33
Q89AD7	Endonuclease-1	endA	GO:0004530	3.1.21.1
Q89B08	30S ribosomal protein S21	rpsU	GO:0003735,GO:0005840,GO:0006412,GO:1990904	
P57143	Bifunctional purine biosynthesis protein PurH	purH	GO:0003937,GO:0004643,GO:0006189	2.1.2.3,3.5.4.10
P57215	Ion-translocating oxidoreductase complex subunit C	rnfC	GO:0005886,GO:0009055,GO:0046872,GO:0051539	7.-.-.-
P57264	NADH-quinone oxidoreductase subunit N	nuoN	GO:0005886,GO:0008137,GO:0016021,GO:0042773,GO:0048038	7.1.1.-
P57561	Threonylcarbamoyl-AMP synthase	tsaC	GO:0002949,GO:0003725,GO:0005524,GO:0005737,GO:0061710	2.7.7.87
Q9WXI6	Phosphoenolpyruvate-protein phosphotransferase	ptsI	GO:0005737,GO:0008965,GO:0009401,GO:0016301,GO:0016310,GO:0046872	2.7.3.9
P57151	Transcription termination/antitermination protein NusG	nusG	GO:0005829,GO:0006353,GO:0006354,GO:0031564,GO:0032784	
P57227	50S ribosomal protein L35	rpmI	GO:0003735,GO:0005840,GO:0006412,GO:1990904	
P57333	Proline--tRNA ligase	proS	GO:0002161,GO:0004827,GO:0005524,GO:0005737,GO:0006433	6.1.1.15
P57464	Transcription elongation factor GreA	greA	GO:0003677,GO:0032784,GO:0070063	
P57522	Sulfur carrier protein TusA	tusA	GO:0002143,GO:0005737,GO:0097163	
P57579	50S ribosomal protein L5	rplE	GO:0000049,GO:0003735,GO:0005840,GO:0006412,GO:0019843,GO:1990904	
P57625	50S ribosomal protein L9	rplI	GO:0003735,GO:0005840,GO:0006412,GO:0019843,GO:1990904	
P59512	Ribose-phosphate pyrophosphokinase	prs	GO:0000287,GO:0004749,GO:0005524,GO:0005737,GO:0006015,GO:0009156,GO:0009165,GO:0016301,GO:0016310	2.7.6.1
P59450	UDP-N-acetylenolpyruvoylglucosamine reductase	murB	GO:0005737,GO:0007049,GO:0008360,GO:0008762,GO:0009252,GO:0051301,GO:0071555,GO:0071949	1.3.1.98
Q89AA5	Cytochrome bo(3) ubiquinol oxidase subunit 3	cyoC	GO:0004129,GO:0005886,GO:0009486,GO:0016021,GO:0019646	
Q89AR1	Protein translocase subunit SecA	secA	GO:0005524,GO:0005737,GO:0005886,GO:0006605,GO:0008564,GO:0017038,GO:0065002	7.4.2.8
Q89AX4	Methionine--tRNA ligase	metG	GO:0004825,GO:0005524,GO:0005737,GO:0006431,GO:0046872	6.1.1.10
P59431	Elongation factor Ts	tsf	GO:0003746,GO:0005737	
P59517	Asparagine--tRNA ligase	asnS	GO:0003676,GO:0004816,GO:0005524,GO:0005737,GO:0006421	6.1.1.22
Q89A81	50S ribosomal protein L18	rplR	GO:0003735,GO:0005737,GO:0005840,GO:0006412,GO:0019843,GO:1990904	
Q89AU8	30S ribosomal protein S20	rpsT	GO:0003735,GO:0005840,GO:0006412,GO:0019843,GO:1990904	
Q89B10	RNA polymerase sigma factor RpoD	rpoD	GO:0003677,GO:0005737,GO:0006352,GO:0016987	
P57216	Ion-translocating oxidoreductase complex subunit D	rnfD	GO:0005886,GO:0016021,GO:0022900,GO:0055085	7.-.-.-
P57320	Acetolactate synthase small subunit	ilvH	GO:0003984,GO:0005737,GO:0009097,GO:0009099,GO:1990610	2.2.1.6
P57390	2,3-bisphosphoglycerate-dependent phosphoglycerate mutase	gpmA	GO:0006094,GO:0006096,GO:0046538	5.4.2.11
P57566	DNA-directed RNA polymerase subunit alpha	rpoA	GO:0000428,GO:0003677,GO:0003899,GO:0005737,GO:0006351,GO:0046983	2.7.7.6
Q9WXI7	PTS system glucose-specific EIIA component	crr	GO:0005737,GO:0009401,GO:0016301,GO:0016310,GO:0046872	
P57228	50S ribosomal protein L20	rplT	GO:0000027,GO:0003735,GO:0005840,GO:0006412,GO:0019843,GO:1990904	
P57467	50S ribosomal protein L21	rplU	GO:0003735,GO:0005737,GO:0005840,GO:0006412,GO:0019843,GO:1990904	
P57524	UPF0056 membrane protein BU449		GO:0005886,GO:0016021	
P57580	50S ribosomal protein L24	rplX	GO:0003735,GO:0005829,GO:0005840,GO:0006412,GO:0019843,GO:1990904	
P57626	30S ribosomal protein S18	rpsR	GO:0003735,GO:0005840,GO:0006412,GO:0019843,GO:1990904	
P59577	CTP synthase	pyrG	GO:0003883,GO:0004359,GO:0005524,GO:0006541,GO:0044210,GO:0046872	6.3.4.2
P59453	ATP phosphoribosyltransferase	hisG	GO:0000105,GO:0000287,GO:0003879,GO:0005524,GO:0005737	2.4.2.17
Q89AX5	6-phosphogluconate dehydrogenase, decarboxylating	gnd	GO:0004616,GO:0006098,GO:0016054,GO:0019521,GO:0050661	1.1.1.44
Q89AE1	Metalloprotease TldD homolog	tldD	GO:0006508,GO:0008237	3.4.-.-
Q89B11	Serine acetyltransferase	cysE	GO:0005737,GO:0006535,GO:0009001	2.3.1.30
Q89AF0	Uncharacterized protein bbp_348			
P57219	Endonuclease III	nth	GO:0003677,GO:0006284,GO:0019104,GO:0046872,GO:0051539,GO:0140078	4.2.99.18
P57269	Release factor glutamine methyltransferase	prmC	GO:0003676,GO:0018364,GO:0036009,GO:0102559	2.1.1.297
P57321	Acetolactate synthase large subunit	ilvI	GO:0000287,GO:0003984,GO:0009097,GO:0009099,GO:0030976,GO:0050660	2.2.1.6
P57391	ATP-dependent 6-phosphofructokinase	pfkA	GO:0003872,GO:0005524,GO:0005737,GO:0006002,GO:0046872	2.7.1.11
P57600	Adenosylmethionine-8-amino-7-oxononanoate aminotransferase	bioA	GO:0005737,GO:0030170	
P57158	Argininosuccinate synthase	argG	GO:0004055,GO:0005524,GO:0005737,GO:0006526	6.3.4.5
P57335	Flagellar biosynthesis protein FlhA	flhA	GO:0005886,GO:0009306,GO:0016021,GO:0044780	
P57409	tRNA threonylcarbamoyladenosine biosynthesis protein TsaB	tsaB	GO:0002949,GO:0005737	
P57468	50S ribosomal protein L27	rpmA	GO:0003735,GO:0005840,GO:0006412,GO:1990904	
P57525	Phosphoglycerate kinase	pgk	GO:0004618,GO:0005524,GO:0005737,GO:0006096	2.7.2.3
P57581	50S ribosomal protein L14	rplN	GO:0003735,GO:0006412,GO:0015934,GO:0019843	
P57627	30S ribosomal protein S6	rpsF	GO:0003735,GO:0005840,GO:0006412,GO:0019843,GO:1990904	
Q89AA4	Cytochrome bo(3) ubiquinol oxidase subunit 1	cyoB	GO:0004129,GO:0005886,GO:0009060,GO:0009486,GO:0016021,GO:0016682,GO:0020037,GO:0046872,GO:0070469	7.1.1.3
P59566	Enolase	eno	GO:0000015,GO:0000287,GO:0004634,GO:0005576,GO:0006096,GO:0009986	4.2.1.11
Q89AB1	6,7-dimethyl-8-ribityllumazine synthase	ribH	GO:0000906,GO:0009231,GO:0009349	2.5.1.78
Q89AJ9	Deoxyribodipyrimidine photo-lyase	phrB	GO:0000166,GO:0003677,GO:0003904,GO:0006281	4.1.99.3
Q89AR9	NAD kinase	nadK	GO:0003951,GO:0005524,GO:0005737,GO:0006741,GO:0016310,GO:0019674,GO:0046872,GO:0051287	2.7.1.23
Q89AX6	Histidine biosynthesis bifunctional protein HisIE	hisI	GO:0000105,GO:0004635,GO:0004636,GO:0005524,GO:0005737	3.5.4.19,3.6.1.31
P59520	1-(5-phosphoribosyl)-5-[(5-phosphoribosylamino)methylideneamino] imidazole-4-carboxamide isomerase	hisA	GO:0000105,GO:0003949,GO:0005737	5.3.1.16
Q89A83	50S ribosomal protein L30	rpmD	GO:0003735,GO:0006412,GO:0015934	
Q89AG0	RutC family protein bbp_334			
